structure(list(Age = c(55L, 38L, 55L, 38L, 72L, 58L, 57L, 41L, 
54L, 32L, 54L, 59L, 35L, 35L, 53L, 53L, 55L, 47L, 27L, 60L, 16L, 
64L, 45L, 90L, 62L, 36L, 59L, 33L, 47L, 47L, 38L, 39L, 40L, 53L, 
49L, 35L, 47L, 30L, 47L, 45L, 30L, 42L, 41L, 35L, 40L, 28L, 53L, 
48L, 27L, 56L, 48L, 30L, 57L, 40L, 38L, 50L, 47L, 47L, 85L, 47L, 
38L, 63L, 40L, 43L, 30L, 79L, 35L, 43L, 41L, 61L, 43L, 72L, 56L, 
36L, 51L, 35L, 57L, 57L, 50L, 67L, 30L, 28L, 43L, 28L, 25L, 60L, 
43L, 39L, 67L, 43L, 48L, 60L, 62L, 48L, 55L, 31L, 48L, 50L, 50L, 
68L, 46L, 55L, 45L, 68L, 54L, 43L, 43L, 27L, 60L, 68L, 50L, 53L, 
68L, 45L, 67L, 43L, 57L, 30L, 42L, 27L, 38L, 55L, 52L, 50L, 45L, 
48L, 48L, 37L, 51L, 43L, 56L, 65L, 28L, 45L, 55L, 66L, 35L, 44L, 
52L, 55L, 39L, 49L, 39L, 69L, 50L, 60L, 40L, 58L, 59L, 37L, 47L, 
35L, 32L, 30L, 50L, 58L, 55L, 34L, 47L, 42L, 27L, 35L, 39L, 35L, 
37L, 54L, 62L, 46L, 67L, 48L, 64L, 36L, 41L, 30L, 42L, 56L, 66L, 
48L, 60L, 38L, 39L, 40L, 68L, 53L, 58L, 40L, 61L, 61L, 62L, 48L, 
49L, 68L, 33L, 30L, 40L, 32L, 44L, 36L, 66L, 40L, 27L, 60L, 39L, 
53L, 47L, 67L, 35L, 35L, 51L, 40L, 56L, 35L, 40L, 68L, 48L, 47L, 
48L, 44L, 66L, 30L, 39L, 35L, 39L, 53L, 28L, 53L, 55L, 57L, 57L, 
58L, 67L, 43L, 55L, 35L, 45L, 40L, 90L, 58L, 50L, 51L, 65L, 56L, 
57L, 72L, 60L, 45L, 61L, 49L, 50L, 45L, 34L, 35L, 65L, 54L, 30L, 
40L, 55L, 49L, 39L, 61L, 72L, 38L, 28L, 72L, 55L, 66L, 54L, 70L, 
68L, 47L, 54L, 67L, 43L, 70L, 36L, 53L, 47L, 62L, 60L, 55L, 48L, 
48L, 44L, 28L, 57L, 35L, 48L, 43L, 38L, 57L, 46L, 35L, 40L, 49L, 
55L, 72L, 65L, 58L, 30L, 46L, 46L, 54L, 30L, 35L, 36L, 58L, 47L, 
48L, 50L, 55L, 49L, 37L, 37L, 43L, 68L, 55L, 42L, 65L, 64L, 70L, 
48L, 53L, 57L, 60L, 67L, 50L, 47L, 45L, 58L, 43L, 42L, 42L, 35L, 
48L, 51L, 47L, 64L, 55L, 61L, 57L, 54L, 52L, 45L, 45L, 53L, 70L, 
48L, 43L, 29L, 38L, 59L, 57L, 28L, 38L, 57L, 43L, 40L, 43L, 48L, 
48L, 54L, 60L, 30L, 30L), Gender = structure(c(1L, 2L, 1L, 2L, 
2L, 2L, 2L, 2L, 2L, 2L, 1L, 1L, 1L, 1L, 2L, 2L, 1L, 2L, 2L, 2L, 
2L, 2L, 2L, 1L, 2L, 2L, 1L, 1L, 2L, 2L, 2L, 1L, 1L, 2L, 2L, 1L, 
2L, 2L, 2L, 2L, 2L, 2L, 2L, 1L, 1L, 1L, 1L, 1L, 2L, 2L, 2L, 2L, 
2L, 2L, 2L, 1L, 2L, 2L, 2L, 1L, 1L, 2L, 2L, 2L, 2L, 2L, 1L, 2L, 
2L, 1L, 2L, 2L, 2L, 1L, 1L, 1L, 2L, 2L, 1L, 2L, 1L, 2L, 1L, 1L, 
2L, 1L, 2L, 1L, 2L, 2L, 2L, 2L, 1L, 2L, 2L, 2L, 1L, 1L, 1L, 1L, 
2L, 1L, 2L, 2L, 2L, 2L, 1L, 2L, 1L, 1L, 1L, 1L, 1L, 2L, 2L, 1L, 
2L, 2L, 2L, 2L, 2L, 1L, 2L, 1L, 2L, 2L, 2L, 2L, 1L, 2L, 2L, 2L, 
1L, 1L, 1L, 2L, 1L, 2L, 2L, 1L, 1L, 2L, 1L, 1L, 1L, 2L, 2L, 1L, 
1L, 2L, 1L, 1L, 2L, 2L, 1L, 2L, 2L, 2L, 2L, 2L, 2L, 2L, 2L, 1L, 
2L, 2L, 2L, 2L, 2L, 1L, 2L, 2L, 2L, 2L, 2L, 1L, 2L, 1L, 2L, 2L, 
1L, 1L, 1L, 2L, 2L, 2L, 1L, 2L, 2L, 1L, 2L, 1L, 2L, 2L, 2L, 1L, 
2L, 1L, 1L, 1L, 2L, 1L, 1L, 2L, 2L, 2L, 2L, 2L, 2L, 2L, 2L, 1L, 
2L, 2L, 1L, 2L, 1L, 2L, 2L, 2L, 1L, 1L, 2L, 1L, 2L, 2L, 2L, 2L, 
2L, 2L, 2L, 2L, 1L, 1L, 1L, 2L, 1L, 2L, 1L, 1L, 1L, 2L, 2L, 2L, 
2L, 1L, 1L, 2L, 1L, 2L, 1L, 2L, 2L, 2L, 1L, 2L, 1L, 1L, 2L, 1L, 
2L, 1L, 1L, 2L, 1L, 2L, 2L, 2L, 2L, 2L, 2L, 2L, 1L, 2L, 2L, 2L, 
1L, 2L, 2L, 2L, 1L, 2L, 2L, 2L, 2L, 1L, 2L, 1L, 1L, 2L, 2L, 2L, 
1L, 2L, 2L, 2L, 1L, 2L, 1L, 2L, 2L, 2L, 2L, 1L, 2L, 2L, 2L, 1L, 
1L, 1L, 2L, 2L, 2L, 2L, 1L, 2L, 2L, 1L, 2L, 2L, 2L, 2L, 2L, 2L, 
2L, 1L, 1L, 1L, 2L, 2L, 2L, 2L, 2L, 2L, 1L, 2L, 2L, 1L, 2L, 2L, 
2L, 2L, 1L, 2L, 1L, 2L, 2L, 2L, 2L, 2L, 1L, 2L, 1L, 2L, 2L, 1L, 
1L, 2L, 1L, 1L, 2L, 2L, 2L, 2L), .Label = c("Homem", "Mulher"
), class = "factor"), Polyuria = structure(c(2L, 1L, 2L, 1L, 
2L, 1L, 1L, 2L, 2L, 1L, 2L, 1L, 1L, 1L, 2L, 1L, 2L, 1L, 1L, 1L, 
2L, 1L, 2L, 1L, 2L, 1L, 1L, 1L, 1L, 1L, 2L, 2L, 2L, 1L, 2L, 1L, 
1L, 1L, 2L, 1L, 1L, 1L, 2L, 1L, 2L, 1L, 1L, 2L, 1L, 2L, 1L, 1L, 
2L, 1L, 1L, 1L, 1L, 1L, 2L, 1L, 2L, 2L, 1L, 1L, 1L, 1L, 2L, 1L, 
2L, 2L, 1L, 2L, 1L, 1L, 1L, 1L, 1L, 2L, 2L, 1L, 2L, 1L, 2L, 1L, 
2L, 2L, 1L, 2L, 1L, 1L, 2L, 1L, 2L, 2L, 2L, 2L, 2L, 1L, 1L, 2L, 
1L, 2L, 1L, 1L, 2L, 1L, 2L, 1L, 2L, 2L, 1L, 1L, 2L, 1L, 2L, 2L, 
1L, 1L, 1L, 1L, 1L, 1L, 2L, 1L, 1L, 2L, 2L, 1L, 1L, 1L, 2L, 2L, 
1L, 2L, 2L, 2L, 2L, 1L, 2L, 2L, 2L, 1L, 2L, 2L, 2L, 2L, 1L, 2L, 
1L, 1L, 1L, 2L, 1L, 1L, 1L, 2L, 2L, 1L, 2L, 1L, 1L, 2L, 1L, 1L, 
1L, 2L, 2L, 1L, 2L, 2L, 1L, 1L, 2L, 1L, 1L, 2L, 2L, 2L, 2L, 1L, 
2L, 2L, 2L, 1L, 1L, 1L, 2L, 2L, 2L, 2L, 2L, 2L, 1L, 1L, 1L, 1L, 
2L, 2L, 2L, 2L, 1L, 1L, 2L, 2L, 1L, 1L, 2L, 1L, 2L, 1L, 2L, 2L, 
1L, 2L, 2L, 2L, 1L, 2L, 1L, 1L, 2L, 2L, 2L, 1L, 1L, 2L, 2L, 1L, 
2L, 1L, 1L, 1L, 2L, 2L, 1L, 1L, 1L, 2L, 2L, 1L, 2L, 1L, 1L, 2L, 
2L, 1L, 2L, 2L, 2L, 1L, 2L, 1L, 1L, 1L, 2L, 1L, 2L, 1L, 2L, 2L, 
2L, 2L, 1L, 2L, 2L, 2L, 1L, 2L, 2L, 2L, 2L, 2L, 2L, 2L, 1L, 1L, 
1L, 2L, 1L, 1L, 1L, 1L, 1L, 1L, 2L, 2L, 2L, 2L, 1L, 2L, 1L, 1L, 
2L, 2L, 2L, 2L, 1L, 1L, 2L, 1L, 1L, 1L, 1L, 1L, 1L, 1L, 1L, 2L, 
2L, 2L, 2L, 1L, 1L, 1L, 2L, 1L, 1L, 2L, 1L, 1L, 2L, 2L, 2L, 1L, 
2L, 1L, 1L, 1L, 1L, 1L, 1L, 1L, 2L, 2L, 1L, 1L, 1L, 2L, 1L, 1L, 
1L, 1L, 1L, 1L, 1L, 2L, 2L, 1L, 1L, 2L, 1L, 2L, 1L, 1L, 1L, 2L, 
2L, 2L, 2L, 2L, 1L, 1L, 1L, 1L), .Label = c("Não", "Sim"), class = "factor"), 
    Polydipsia = structure(c(2L, 1L, 2L, 1L, 1L, 2L, 1L, 2L, 
    2L, 1L, 2L, 1L, 1L, 1L, 2L, 1L, 2L, 1L, 1L, 1L, 1L, 1L, 2L, 
    2L, 2L, 1L, 1L, 1L, 1L, 1L, 1L, 2L, 2L, 1L, 2L, 1L, 2L, 1L, 
    2L, 1L, 1L, 1L, 1L, 1L, 2L, 1L, 2L, 2L, 1L, 1L, 2L, 1L, 2L, 
    1L, 1L, 1L, 1L, 1L, 2L, 1L, 2L, 2L, 1L, 1L, 1L, 2L, 2L, 1L, 
    2L, 1L, 1L, 1L, 2L, 1L, 1L, 2L, 1L, 2L, 2L, 2L, 1L, 1L, 2L, 
    1L, 2L, 1L, 1L, 2L, 2L, 1L, 2L, 1L, 2L, 2L, 2L, 1L, 2L, 2L, 
    1L, 2L, 1L, 2L, 1L, 1L, 2L, 1L, 2L, 1L, 2L, 2L, 2L, 1L, 2L, 
    1L, 2L, 2L, 1L, 1L, 1L, 1L, 1L, 1L, 2L, 2L, 1L, 2L, 2L, 1L, 
    1L, 1L, 1L, 1L, 1L, 2L, 2L, 2L, 2L, 2L, 2L, 2L, 2L, 2L, 2L, 
    2L, 2L, 1L, 1L, 1L, 1L, 1L, 1L, 2L, 2L, 1L, 1L, 2L, 2L, 1L, 
    2L, 1L, 1L, 2L, 1L, 2L, 1L, 2L, 2L, 1L, 1L, 2L, 2L, 1L, 2L, 
    1L, 1L, 2L, 1L, 2L, 1L, 1L, 2L, 1L, 2L, 1L, 1L, 2L, 1L, 2L, 
    2L, 2L, 2L, 2L, 2L, 1L, 1L, 1L, 1L, 2L, 2L, 2L, 1L, 2L, 2L, 
    1L, 1L, 1L, 1L, 1L, 2L, 2L, 1L, 2L, 1L, 2L, 2L, 1L, 1L, 1L, 
    1L, 1L, 2L, 2L, 2L, 2L, 1L, 2L, 2L, 1L, 2L, 1L, 1L, 1L, 2L, 
    2L, 1L, 2L, 2L, 2L, 2L, 1L, 2L, 1L, 2L, 1L, 2L, 1L, 1L, 2L, 
    2L, 1L, 2L, 1L, 1L, 1L, 2L, 2L, 2L, 1L, 2L, 1L, 1L, 2L, 1L, 
    1L, 2L, 2L, 1L, 1L, 2L, 2L, 2L, 1L, 2L, 1L, 1L, 1L, 1L, 2L, 
    1L, 1L, 1L, 2L, 1L, 1L, 2L, 2L, 2L, 2L, 1L, 2L, 1L, 1L, 2L, 
    2L, 2L, 1L, 1L, 2L, 2L, 1L, 1L, 1L, 1L, 1L, 1L, 2L, 1L, 2L, 
    2L, 2L, 2L, 1L, 1L, 1L, 2L, 2L, 1L, 2L, 1L, 2L, 2L, 1L, 2L, 
    1L, 1L, 2L, 1L, 1L, 2L, 1L, 1L, 1L, 1L, 2L, 1L, 1L, 1L, 2L, 
    1L, 1L, 1L, 1L, 1L, 1L, 1L, 1L, 2L, 1L, 1L, 1L, 1L, 2L, 1L, 
    1L, 1L, 2L, 2L, 2L, 2L, 2L, 1L, 1L, 1L, 1L), .Label = c("Não", 
    "Sim"), class = "factor"),