structure(list(Age = c(40L, 58L, 41L, 45L, 60L, 55L, 57L, 66L, 
67L, 70L, 44L, 38L, 35L, 61L, 60L, 58L, 54L, 67L, 66L, 43L, 62L, 
54L, 39L, 48L, 58L, 32L, 42L, 52L, 38L, 53L, 57L, 41L, 37L, 54L, 
49L, 48L, 60L, 63L, 35L, 30L, 53L, 50L, 50L, 35L, 40L, 48L, 60L, 
60L, 35L, 46L, 36L, 50L, 60L, 50L, 51L, 38L, 66L, 53L, 59L, 39L, 
65L, 35L, 55L, 60L, 45L, 40L, 30L, 35L, 25L, 50L, 40L, 35L, 65L, 
38L, 50L, 55L, 48L, 55L, 39L, 43L, 35L, 47L, 50L, 48L, 35L, 49L, 
38L, 28L, 68L, 35L, 45L, 48L, 40L, 40L, 36L, 56L, 30L, 31L, 35L, 
39L, 48L, 85L, 90L, 72L, 70L, 69L, 58L, 47L, 25L, 39L, 53L, 52L, 
68L, 79L, 55L, 45L, 30L, 45L, 65L, 34L, 48L, 35L, 40L, 47L, 38L, 
55L, 66L, 57L, 32L, 48L, 47L, 43L, 30L, 16L, 35L, 66L, 54L, 58L, 
51L, 40L, 47L, 62L, 49L, 53L, 68L, 61L, 39L, 38L, 44L, 45L, 50L, 
42L, 55L, 57L, 62L, 33L, 55L, 48L, 56L, 38L, 28L, 68L, 35L, 45L, 
48L, 40L, 57L, 41L, 37L, 54L, 49L, 48L, 60L, 63L, 35L, 30L, 53L, 
50L, 50L, 35L, 40L, 31L, 35L, 39L, 48L, 85L, 90L, 72L, 70L, 69L, 
58L, 54L, 64L, 36L, 43L, 31L, 66L, 61L, 58L, 69L, 40L, 28L, 37L, 
34L, 30L, 67L, 60L, 58L, 54L, 43L, 39L, 40L, 43L, 49L, 47L, 45L, 
57L, 72L, 30L, 27L, 38L, 43L, 40L, 55L, 68L, 29L, 37L, 30L, 45L, 
47L, 35L, 32L, 56L, 50L, 52L, 26L, 60L, 65L, 72L, 30L, 45L, 65L, 
70L, 35L, 54L, 30L, 46L, 53L, 42L, 55L, 48L, 55L, 39L, 43L, 35L, 
47L, 50L, 48L, 35L, 62L, 33L, 55L, 48L, 56L, 38L, 28L, 68L, 35L, 
45L, 48L, 40L, 57L, 47L, 45L, 57L, 72L, 30L, 27L, 38L, 43L, 40L, 
47L, 45L, 57L, 72L, 30L, 27L, 38L, 43L, 40L, 54L, 30L, 46L, 53L, 
42L, 55L, 48L, 55L, 39L, 43L, 35L, 47L, 61L, 58L, 69L, 40L, 28L, 
37L, 34L, 30L, 67L, 60L, 58L, 54L, 43L, 33L, 55L, 36L, 28L, 34L, 
65L, 34L, 64L, 44L, 36L, 43L, 53L, 47L, 58L, 56L, 51L, 59L, 50L, 
30L, 46L, 53L, 42L, 55L, 48L, 55L, 39L, 43L, 35L, 47L, 61L, 58L, 
69L, 40L, 28L, 37L, 34L, 30L, 67L, 60L, 58L, 54L, 43L, 33L, 55L, 
48L, 56L, 38L, 28L, 68L, 35L, 45L, 48L, 40L, 57L, 47L, 45L, 57L, 
72L, 30L, 27L, 38L, 43L, 40L, 47L, 62L, 49L, 53L, 68L, 61L, 39L, 
38L, 44L, 36L, 43L, 53L, 47L, 58L, 56L, 51L, 59L, 50L, 30L, 46L, 
53L, 64L, 44L, 36L, 43L, 53L, 47L, 58L, 56L, 51L, 59L, 50L, 30L, 
46L, 53L, 42L, 55L, 48L, 55L, 39L, 43L, 35L, 47L, 61L, 67L, 66L, 
43L, 62L, 54L, 39L, 48L, 58L, 32L, 42L, 52L, 38L, 53L, 57L, 41L, 
37L, 54L, 49L, 48L, 60L, 63L, 35L, 30L, 53L, 50L, 50L, 35L, 40L, 
48L, 60L, 38L, 28L, 68L, 35L, 45L, 48L, 40L, 57L, 47L, 45L, 57L, 
72L, 30L, 27L, 38L, 43L, 40L, 47L, 45L, 57L, 72L, 30L, 27L, 38L, 
43L, 40L, 54L, 30L, 46L, 53L, 42L, 55L, 48L, 55L, 39L, 43L, 50L, 
30L, 46L, 53L, 64L, 44L, 36L, 43L, 53L, 47L, 68L, 64L, 66L, 67L, 
70L, 44L, 38L, 35L, 61L, 60L, 58L, 54L, 67L, 66L, 43L, 62L, 54L, 
39L, 48L, 58L, 32L, 42L), Gender = structure(c(2L, 2L, 2L, 2L, 
2L, 2L, 2L, 2L, 2L, 2L, 2L, 2L, 2L, 2L, 2L, 2L, 2L, 2L, 2L, 2L, 
2L, 2L, 2L, 2L, 2L, 2L, 2L, 2L, 2L, 2L, 2L, 2L, 2L, 2L, 2L, 2L, 
2L, 2L, 2L, 1L, 1L, 1L, 1L, 1L, 1L, 1L, 1L, 1L, 1L, 1L, 1L, 1L, 
1L, 1L, 1L, 1L, 1L, 1L, 1L, 1L, 1L, 1L, 1L, 1L, 1L, 1L, 1L, 1L, 
1L, 1L, 1L, 1L, 1L, 1L, 1L, 1L, 1L, 1L, 1L, 1L, 1L, 1L, 1L, 1L, 
1L, 1L, 1L, 1L, 1L, 1L, 1L, 1L, 1L, 1L, 1L, 1L, 1L, 1L, 1L, 1L, 
1L, 2L, 1L, 2L, 2L, 1L, 2L, 2L, 2L, 1L, 1L, 2L, 1L, 2L, 1L, 1L, 
1L, 1L, 1L, 1L, 2L, 2L, 2L, 2L, 2L, 2L, 2L, 2L, 2L, 2L, 2L, 2L, 
2L, 2L, 2L, 2L, 2L, 2L, 2L, 2L, 2L, 2L, 2L, 2L, 2L, 2L, 2L, 2L, 
2L, 2L, 2L, 2L, 2L, 2L, 2L, 2L, 2L, 2L, 2L, 1L, 1L, 1L, 1L, 1L, 
1L, 1L, 2L, 2L, 2L, 2L, 2L, 2L, 2L, 2L, 2L, 1L, 1L, 1L, 1L, 1L, 
1L, 1L, 1L, 1L, 1L, 2L, 1L, 2L, 2L, 1L, 2L, 2L, 2L, 2L, 2L, 2L, 
2L, 1L, 1L, 1L, 2L, 2L, 2L, 2L, 2L, 2L, 2L, 2L, 2L, 2L, 2L, 2L, 
2L, 2L, 2L, 2L, 2L, 2L, 2L, 2L, 2L, 2L, 2L, 2L, 2L, 2L, 2L, 2L, 
2L, 2L, 2L, 2L, 2L, 2L, 2L, 2L, 2L, 2L, 2L, 2L, 2L, 2L, 2L, 2L, 
2L, 2L, 2L, 2L, 2L, 1L, 1L, 1L, 1L, 1L, 1L, 1L, 1L, 1L, 1L, 2L, 
2L, 2L, 2L, 2L, 1L, 1L, 1L, 1L, 1L, 1L, 1L, 2L, 2L, 2L, 2L, 2L, 
2L, 2L, 2L, 2L, 2L, 2L, 2L, 2L, 2L, 2L, 2L, 2L, 2L, 2L, 2L, 2L, 
2L, 2L, 2L, 1L, 1L, 1L, 1L, 1L, 1L, 1L, 1L, 1L, 1L, 2L, 2L, 2L, 
2L, 2L, 2L, 2L, 2L, 2L, 2L, 1L, 1L, 1L, 1L, 1L, 1L, 1L, 2L, 2L, 
2L, 2L, 2L, 2L, 2L, 2L, 1L, 1L, 1L, 2L, 2L, 2L, 2L, 1L, 1L, 1L, 
1L, 1L, 1L, 1L, 1L, 1L, 1L, 2L, 2L, 2L, 2L, 2L, 2L, 2L, 2L, 2L, 
2L, 1L, 2L, 2L, 2L, 1L, 1L, 1L, 1L, 1L, 1L, 1L, 2L, 2L, 2L, 2L, 
2L, 2L, 2L, 2L, 2L, 2L, 2L, 2L, 2L, 2L, 2L, 2L, 2L, 2L, 2L, 2L, 
2L, 2L, 2L, 2L, 2L, 1L, 1L, 1L, 2L, 2L, 2L, 2L, 2L, 2L, 2L, 2L, 
2L, 2L, 2L, 1L, 1L, 1L, 2L, 2L, 2L, 2L, 1L, 1L, 1L, 1L, 1L, 1L, 
1L, 1L, 2L, 2L, 2L, 2L, 2L, 2L, 2L, 2L, 2L, 2L, 2L, 2L, 2L, 2L, 
2L, 2L, 2L, 2L, 2L, 2L, 2L, 2L, 1L, 1L, 1L, 1L, 1L, 1L, 1L, 1L, 
1L, 1L, 1L, 1L, 1L, 1L, 1L, 2L, 2L, 2L, 2L, 2L, 2L, 2L, 2L, 2L, 
2L, 2L, 2L, 2L, 2L, 2L, 2L, 2L, 2L, 2L, 2L, 2L, 2L, 2L, 2L, 1L, 
1L, 1L, 1L, 1L, 1L, 2L, 2L, 2L, 2L, 2L, 2L, 2L, 2L, 2L, 1L, 2L, 
2L, 2L, 2L, 2L, 2L, 2L, 2L, 2L, 2L, 2L, 2L, 2L, 2L, 1L, 1L, 1L, 
1L, 1L, 1L, 2L), .Label = c("Homem", "Mulher"), class = "factor"), 
    Polyuria = structure(c(1L, 1L, 2L, 1L, 2L, 2L, 2L, 2L, 2L, 
    1L, 2L, 2L, 2L, 2L, 2L, 2L, 2L, 1L, 2L, 2L, 2L, 2L, 2L, 1L, 
    2L, 1L, 1L, 2L, 1L, 2L, 2L, 2L, 1L, 2L, 2L, 2L, 2L, 2L, 2L, 
    2L, 1L, 2L, 1L, 2L, 2L, 1L, 2L, 2L, 2L, 2L, 2L, 2L, 1L, 1L, 
    1L, 1L, 2L, 1L, 1L, 2L, 2L, 2L, 2L, 2L, 1L, 2L, 2L, 1L, 1L, 
    2L, 1L, 1L, 1L, 2L, 2L, 2L, 2L, 2L, 2L, 2L, 2L, 1L, 2L, 2L, 
    2L, 1L, 2L, 1L, 2L, 1L, 1L, 2L, 2L, 2L, 2L, 2L, 2L, 2L, 2L, 
    2L, 2L, 2L, 1L, 2L, 2L, 2L, 1L, 2L, 2L, 2L, 1L, 2L, 2L, 1L, 
    2L, 2L, 2L, 2L, 2L, 2L, 2L, 2L, 1L, 1L, 2L, 2L, 2L, 2L, 1L, 
    2L, 2L, 2L, 2L, 2L, 2L, 1L, 1L, 2L, 2L, 2L, 2L, 2L, 2L, 2L, 
    2L, 2L, 2L, 2L, 1L, 2L, 2L, 2L, 1L, 1L, 2L, 1L, 2L, 2L, 2L, 
    2L, 1L, 2L, 1L, 1L, 2L, 2L, 2L, 2L, 1L, 2L, 2L, 2L, 2L, 2L, 
    2L, 2L, 1L, 2L, 1L, 2L, 2L, 2L, 2L, 2L, 2L, 2L, 1L, 2L, 2L, 
    2L, 1L, 2L, 1L, 2L, 1L, 2L, 1L, 2L, 2L, 2L, 1L, 1L, 1L, 1L, 
    1L, 2L, 1L, 1L, 1L, 1L, 1L, 1L, 1L, 1L, 1L, 1L, 1L, 2L, 1L, 
    1L, 1L, 1L, 1L, 1L, 1L, 1L, 1L, 1L, 1L, 1L, 1L, 1L, 1L, 1L, 
    1L, 1L, 1L, 1L, 1L, 1L, 1L, 2L, 1L, 1L, 1L, 1L, 1L, 1L, 1L, 
    2L, 2L, 2L, 2L, 2L, 2L, 1L, 2L, 2L, 2L, 2L, 1L, 2L, 2L, 2L, 
    2L, 1L, 2L, 1L, 1L, 2L, 2L, 2L, 1L, 1L, 1L, 2L, 1L, 1L, 1L, 
    1L, 1L, 1L, 1L, 1L, 2L, 1L, 1L, 1L, 1L, 1L, 1L, 1L, 1L, 1L, 
    1L, 2L, 2L, 2L, 2L, 2L, 2L, 1L, 2L, 2L, 2L, 1L, 1L, 1L, 1L, 
    1L, 2L, 1L, 1L, 1L, 1L, 1L, 1L, 1L, 1L, 1L, 1L, 1L, 1L, 2L, 
    1L, 1L, 1L, 1L, 1L, 1L, 1L, 1L, 1L, 1L, 1L, 1L, 1L, 2L, 2L, 
    2L, 2L, 2L, 2L, 1L, 2L, 2L, 2L, 1L, 1L, 1L, 1L, 1L, 2L, 1L, 
    1L, 1L, 1L, 1L, 2L, 2L, 2L, 2L, 1L, 2L, 1L, 1L, 2L, 2L, 2L, 
    1L, 1L, 1L, 2L, 1L, 1L, 1L, 1L, 1L, 2L, 2L, 2L, 2L, 2L, 2L, 
    2L, 2L, 2L, 1L, 1L, 1L, 1L, 1L, 1L, 1L, 1L, 1L, 1L, 1L, 1L, 
    1L, 2L, 1L, 1L, 1L, 1L, 1L, 1L, 1L, 1L, 1L, 1L, 1L, 1L, 1L, 
    2L, 2L, 2L, 2L, 2L, 2L, 1L, 2L, 1L, 2L, 2L, 2L, 2L, 2L, 1L, 
    2L, 1L, 1L, 2L, 1L, 2L, 2L, 2L, 1L, 2L, 2L, 2L, 2L, 2L, 2L, 
    2L, 1L, 2L, 1L, 2L, 2L, 1L, 2L, 2L, 1L, 2L, 1L, 1L, 2L, 2L, 
    2L, 1L, 1L, 1L, 2L, 1L, 1L, 1L, 1L, 1L, 1L, 1L, 1L, 2L, 1L, 
    1L, 1L, 1L, 1L, 1L, 1L, 1L, 1L, 1L, 2L, 2L, 2L, 2L, 2L, 1L, 
    1L, 1L, 1L, 1L, 2L, 1L, 1L, 1L, 1L, 2L, 1L, 2L, 1L, 2L, 1L, 
    1L, 1L, 1L, 1L, 1L, 1L, 1L, 1L, 1L, 2L, 2L, 2L, 2L, 2L, 1L, 
    1L), .Label = c("Não", "Sim"), class = "factor"),